image: /home/x/slam_map/c-map06051835.pgm
resolution: 0.05
origin: [-4.18461, -4.04367, 0.0]
negate: 0
occupied_thresh: 0.65
free_thresh: 0.196
